##FastQC	0.11.9
>>Basic Statistics	pass
#Measure	Value
Filename	g1_03_R1_fastq_gz.gz
File type	Conventional base calls
Encoding	Sanger / Illumina 1.9
Total Sequences	50000
Sequences flagged as poor quality	0
Sequence length	100
%GC	41
>>END_MODULE
>>Per base sequence quality	pass
#Base	Mean	Median	Lower Quartile	Upper Quartile	10th Percentile	90th Percentile
1	32.0124	34.0	31.0	34.0	30.0	34.0
2	32.0633	34.0	31.0	34.0	30.0	34.0
3	31.97964	34.0	31.0	34.0	30.0	34.0
4	35.53902	37.0	35.0	37.0	33.0	37.0
5	35.47422	37.0	35.0	37.0	33.0	37.0
6	35.48022	37.0	35.0	37.0	33.0	37.0
7	35.52722	37.0	35.0	37.0	33.0	37.0
8	35.48786	37.0	35.0	37.0	33.0	37.0
9	37.11812	39.0	37.0	39.0	33.0	39.0
10-11	37.03306	39.0	37.0	39.0	33.0	39.0
12-13	37.02733	39.0	37.0	39.0	33.0	39.0
14-15	38.32415	40.0	38.0	41.0	33.0	41.0
16-17	38.30195	40.0	38.0	41.0	33.0	41.0
18-19	38.29376	40.0	38.0	41.0	33.0	41.0
20-21	38.2919	40.0	38.0	41.0	33.0	41.0
22-23	38.2455	40.0	38.0	41.0	33.0	41.0
24-25	38.20067	40.0	38.0	41.0	33.0	41.0
26-27	38.11891	40.0	38.0	41.0	33.0	41.0
28-29	38.054280000000006	40.0	38.0	41.0	33.0	41.0
30-31	38.011089999999996	40.0	38.0	41.0	33.0	41.0
32-33	37.913920000000005	40.0	38.0	41.0	33.0	41.0
34-35	37.84151	40.0	38.0	41.0	33.0	41.0
36-37	37.77926	40.0	38.0	41.0	32.5	41.0
38-39	37.69834	40.0	38.0	41.0	32.0	41.0
40-41	37.62478	40.0	37.0	41.0	32.0	41.0
42-43	37.50872	40.0	37.0	41.0	32.0	41.0
44-45	37.3791	40.0	37.0	41.0	31.5	41.0
46-47	37.28698	40.0	37.0	41.0	31.0	41.0
48-49	37.21486	40.0	37.0	41.0	31.0	41.0
50-51	37.013369999999995	39.0	36.0	41.0	31.0	41.0
52-53	36.80306	39.0	36.0	41.0	31.0	41.0
54-55	36.595299999999995	39.0	35.5	40.5	30.5	41.0
56-57	36.34186	39.0	35.0	40.0	30.0	41.0
58-59	36.05312000000001	38.0	35.0	40.0	29.5	41.0
60-61	35.72855	38.0	34.5	40.0	29.0	41.0
62-63	35.3917	37.0	34.0	40.0	29.0	41.0
64-65	34.98335	37.0	34.0	39.0	28.0	41.0
66-67	34.59761	36.0	34.0	39.0	28.0	40.5
68-69	34.22669	36.0	33.5	39.0	28.0	40.0
70-71	33.83187	35.0	33.0	38.0	27.5	40.0
72-73	33.37777	35.0	33.0	37.0	26.0	39.0
74-75	32.946290000000005	35.0	32.5	36.5	26.0	39.0
76-77	32.09845	34.0	31.5	36.0	26.0	38.0
78-79	32.40649	35.0	32.0	36.0	26.0	37.0
80-81	32.28092	35.0	32.0	35.5	26.0	37.0
82-83	32.02299	35.0	32.0	35.0	26.0	36.5
84-85	31.81821	35.0	32.0	35.0	25.5	36.0
86-87	31.63124	34.0	32.0	35.0	25.0	36.0
88-89	31.35705	34.0	32.0	35.0	25.0	36.0
90-91	31.18455	34.0	31.5	35.0	24.5	35.0
92-93	31.00774	34.0	31.0	35.0	24.0	35.0
94-95	30.71895	34.0	31.0	35.0	23.0	35.0
96-97	30.309919999999998	34.0	31.0	35.0	19.0	35.0
98-99	29.74534	34.0	31.0	35.0	8.5	35.0
100	26.2116	31.0	24.0	34.0	2.0	35.0
>>END_MODULE
>>Per sequence quality scores	pass
#Quality	Count
2	147.0
3	71.0
4	34.0
5	34.0
6	25.0
7	40.0
8	52.0
9	51.0
10	66.0
11	71.0
12	84.0
13	89.0
14	115.0
15	104.0
16	120.0
17	124.0
18	133.0
19	114.0
20	152.0
21	132.0
22	186.0
23	192.0
24	228.0
25	324.0
26	412.0
27	467.0
28	603.0
29	773.0
30	940.0
31	1162.0
32	1538.0
33	2020.0
34	2867.0
35	4174.0
36	7230.0
37	13444.0
38	10501.0
39	1181.0
>>END_MODULE
>>Per base sequence content	fail
#Base	G	A	T	C
1	23.194	17.93	17.07	41.806
2	23.137702032325173	23.123699791966715	38.07409185469675	15.664506321011363
3	20.154	29.509999999999998	27.908	22.428
4	22.378	34.862	22.532	20.227999999999998
5	22.948	36.846000000000004	23.791999999999998	16.414
6	17.934	38.74	25.606	17.72
7	15.518	18.472	46.79	19.220000000000002
8	19.282	24.773999999999997	31.15	24.794
9	20.252	23.396	33.674	22.678
10-11	21.8	34.873	23.623	19.704
12-13	20.191	26.741999999999997	31.848	21.218999999999998
14-15	20.404	28.524	30.637999999999998	20.434
16-17	21.086	28.729	29.217	20.968
18-19	20.496	29.102	29.174	21.227999999999998
20-21	20.851	29.786	28.793000000000003	20.57
22-23	20.182	29.482999999999997	29.884	20.451
24-25	20.413999999999998	29.237999999999996	29.664	20.684
26-27	20.828	29.046	29.593999999999998	20.532
28-29	20.845	28.833	29.666999999999998	20.655
30-31	20.738	28.932000000000002	29.744999999999997	20.585
32-33	20.871000000000002	29.609999999999996	29.237000000000002	20.282
34-35	20.75	29.747	28.999999999999996	20.503
36-37	20.493	28.752	29.825000000000003	20.93
38-39	20.551	29.898000000000003	29.368	20.183
40-41	20.928	29.441	29.187	20.444000000000003
42-43	20.713	29.363	29.332	20.592
44-45	20.895	29.531000000000002	29.281000000000002	20.293
46-47	20.732	29.446	29.220000000000002	20.602
48-49	20.775	29.462	29.402	20.361
50-51	21.089	29.357	29.615000000000002	19.939
52-53	20.658	29.54	29.553	20.249
54-55	20.493	29.572	29.524	20.411
56-57	20.74	29.019000000000002	29.561	20.68
58-59	20.091	29.631999999999998	29.325000000000003	20.952
60-61	20.432	29.185	29.772	20.610999999999997
62-63	20.506	29.401	29.965000000000003	20.128
64-65	21.038	29.226999999999997	29.635	20.1
66-67	20.849	29.011	29.788999999999998	20.351
68-69	20.525	29.622	29.598000000000003	20.255000000000003
70-71	20.862	29.110999999999997	29.622	20.405
72-73	20.827	29.28	29.099999999999998	20.793
74-75	20.565	29.526999999999997	29.686	20.222
76-77	20.49	29.393	29.321	20.796
78-79	20.283	29.242	29.67	20.805
80-81	20.96398315679979	29.631630009701844	29.17654354327322	20.22784329022514
82-83	19.958000000000002	29.580000000000002	29.933	20.529
84-85	20.198	29.575000000000003	29.634	20.593
86-87	20.430999999999997	29.843999999999998	29.207	20.518
88-89	21.088224407518933	29.057332359620254	29.582537189503906	20.27190604335691
90-91	20.179641317503023	29.863868689798657	29.304740090220747	20.65174990247757
92-93	20.671999999999997	29.872	29.415000000000003	20.041
94-95	20.649	29.829	29.486	20.036
96-97	20.69020690206902	29.66329663296633	29.19629196291963	20.450204502045022
98-99	20.827664852752882	29.57546414852753	29.119318181818183	20.477552816901408
100	20.196019601960195	29.866986698669866	29.212921292129213	20.724072407240723
>>END_MODULE
>>Per sequence GC content	pass
#GC Content	Count
0	0.0
1	0.0
2	0.0
3	0.0
4	0.0
5	0.0
6	0.0
7	0.0
8	0.0
9	0.0
10	0.0
11	0.0
12	0.0
13	0.0
14	0.5
15	2.5
16	6.0
17	10.5
18	16.0
19	27.5
20	43.5
21	72.5
22	101.0
23	137.0
24	211.0
25	272.0
26	327.0
27	441.0
28	531.5
29	613.0
30	704.0
31	827.5
32	1035.0
33	1213.5
34	1423.5
35	1719.5
36	1987.5
37	2192.5
38	2296.5
39	2257.5
40	2348.0
41	2661.0
42	2938.5
43	2970.5
44	2845.0
45	2613.0
46	2317.0
47	2030.0
48	1842.0
49	1661.0
50	1473.5
51	1207.5
52	906.5
53	768.0
54	641.5
55	553.5
56	448.5
57	339.5
58	275.0
59	230.0
60	158.0
61	108.5
62	85.5
63	46.5
64	25.0
65	17.5
66	8.5
67	3.5
68	2.5
69	3.0
70	2.0
71	0.5
72	0.0
73	0.0
74	0.0
75	0.0
76	0.0
77	0.0
78	0.0
79	0.0
80	0.0
81	0.0
82	0.0
83	0.0
84	0.0
85	0.0
86	0.0
87	0.0
88	0.0
89	0.0
90	0.0
91	0.0
92	0.0
93	0.0
94	0.0
95	0.0
96	0.0
97	0.0
98	0.0
99	0.0
100	0.0
>>END_MODULE
>>Per base N content	pass
#Base	N-Count
1	0.0
2	0.016
3	0.0
4	0.0
5	0.0
6	0.0
7	0.0
8	0.0
9	0.0
10-11	0.0
12-13	0.0
14-15	0.0
16-17	0.0
18-19	0.0
20-21	0.0
22-23	0.0
24-25	0.0
26-27	0.0
28-29	0.0
30-31	0.0
32-33	0.0
34-35	0.0
36-37	0.0
38-39	0.0
40-41	0.0
42-43	0.0
44-45	0.0
46-47	0.0
48-49	0.0
50-51	0.0
52-53	0.0
54-55	0.0
56-57	0.0
58-59	0.0
60-61	0.0
62-63	0.0
64-65	0.0
66-67	0.0
68-69	0.0
70-71	0.0
72-73	0.0
74-75	0.0
76-77	0.0
78-79	0.0
80-81	0.019
82-83	0.0
84-85	0.0
86-87	0.0
88-89	0.039
90-91	0.023
92-93	0.0
94-95	0.0
96-97	0.001
98-99	0.032
100	0.01
>>END_MODULE
>>Sequence Length Distribution	pass
#Length	Count
100	50000.0
>>END_MODULE
>>Sequence Duplication Levels	pass
#Total Deduplicated Percentage	75.298
#Duplication Level	Percentage of deduplicated	Percentage of total
1	84.9424951525937	63.959999999999994
2	9.208743924141412	13.868
3	2.5658052006693404	5.795999999999999
4	1.1155674785518872	3.36
5	0.6985577306170151	2.63
6	0.3718558261839624	1.68
7	0.3134213392121969	1.652
8	0.20186459135700816	1.216
9	0.14874233047358495	1.008
>10	0.4329464261998991	4.83
>50	0.0	0.0
>100	0.0	0.0
>500	0.0	0.0
>1k	0.0	0.0
>5k	0.0	0.0
>10k+	0.0	0.0
>>END_MODULE
>>Overrepresented sequences	pass
>>END_MODULE
>>Adapter Content	pass
#Position	Illumina Universal Adapter	Illumina Small RNA 3' Adapter	Illumina Small RNA 5' Adapter	Nextera Transposase Sequence	SOLID Small RNA Adapter
1	0.0	0.0	0.0	0.0	0.0
2	0.0	0.0	0.0	0.0	0.0
3	0.0	0.0	0.0	0.0	0.0
4	0.0	0.0	0.0	0.0	0.0
5	0.0	0.0	0.0	0.0	0.0
6	0.0	0.0	0.0	0.0	0.0
7	0.0	0.0	0.0	0.0	0.0
8	0.0	0.0	0.0	0.0	0.0
9	0.0	0.0	0.0	0.0	0.0
10-11	0.0	0.0	0.0	0.0	0.0
12-13	0.0	0.0	0.0	0.0	0.0
14-15	0.0	0.0	0.0	0.0	0.0
16-17	0.0	0.0	0.0	0.0	0.0
18-19	0.0	0.0	0.0	0.0	0.0
20-21	0.0	0.0	0.0	0.0	0.0
22-23	0.0	0.0	0.0	0.0	0.0
24-25	0.0	0.0	0.0	0.0	0.0
26-27	0.0	0.0	0.0	0.0	0.0
28-29	0.0	0.0	0.0	0.0	0.0
30-31	0.0	0.0	0.0	0.0	0.0
32-33	0.0	0.0	0.0	0.0	0.0
34-35	0.0	0.0	0.0	0.0	0.0
36-37	0.0	0.0	0.0	0.0	0.0
38-39	0.0	0.0	0.0	0.0	0.0
40-41	0.0	0.0	0.0	0.0	0.0
42-43	0.0	0.0	0.0	0.0	0.0
44-45	0.0	0.0	0.0	0.0	0.0
46-47	0.0	0.0	0.0	0.0	0.0
48-49	0.0	0.0	0.0	0.0	0.0
50-51	0.0	0.0	0.0	0.0	0.0
52-53	0.0	0.0	0.0	0.0	0.0
54-55	0.0	0.0	0.0	0.0	0.0
56-57	0.0	0.0	0.0	0.0	0.0
58-59	0.0	0.0	0.0	0.0	0.0
60-61	0.0	0.0	0.0	0.0	0.0
62-63	0.0	0.0	0.0	0.0	0.0
64-65	0.0	0.0	0.0	0.0	0.0
66-67	0.0	0.0	0.0	0.0	0.0
68-69	0.0	0.0	0.0	0.0	0.0
70-71	0.0	0.0	0.0	0.0	0.0
72-73	0.0	0.0	0.0	0.0	0.0
74-75	0.0	0.0	0.0	0.0	0.0
76-77	0.0	0.0	0.0	0.0	0.0
78-79	0.0	0.0	0.0	0.0	0.0
80-81	0.0	0.0	0.0	0.0	0.0
82-83	0.003	0.0	0.0	0.0	0.0
84-85	0.008	0.0	0.0	0.0	0.0
86-87	0.018	0.0	0.0	0.0	0.0
88-89	0.028999999999999998	0.0	0.0	0.0	0.0
>>END_MODULE
