##FastQC	0.11.9
>>Basic Statistics	pass
#Measure	Value
Filename	g3_01_R2_fastq_gz.gz
File type	Conventional base calls
Encoding	Sanger / Illumina 1.9
Total Sequences	50000
Sequences flagged as poor quality	0
Sequence length	100
%GC	41
>>END_MODULE
>>Per base sequence quality	pass
#Base	Mean	Median	Lower Quartile	Upper Quartile	10th Percentile	90th Percentile
1	31.65742	33.0	31.0	34.0	30.0	34.0
2	31.74058	34.0	31.0	34.0	30.0	34.0
3	31.79784	34.0	31.0	34.0	30.0	34.0
4	35.26904	37.0	35.0	37.0	32.0	37.0
5	35.24342	37.0	35.0	37.0	32.0	37.0
6	35.29124	37.0	35.0	37.0	32.0	37.0
7	35.36454	37.0	35.0	37.0	33.0	37.0
8	35.3349	37.0	35.0	37.0	32.0	37.0
9	36.95536	39.0	37.0	39.0	33.0	39.0
10-11	36.88738	39.0	37.0	39.0	33.0	39.0
12-13	36.85163	39.0	37.0	39.0	33.0	39.0
14-15	38.142669999999995	40.0	38.0	41.0	33.0	41.0
16-17	38.11285	40.0	38.0	41.0	33.0	41.0
18-19	38.142070000000004	40.0	38.0	41.0	33.0	41.0
20-21	38.11956	40.0	38.0	41.0	33.0	41.0
22-23	38.05037	40.0	38.0	41.0	33.0	41.0
24-25	37.98145	40.0	38.0	41.0	33.0	41.0
26-27	37.91915	40.0	38.0	41.0	33.0	41.0
28-29	37.8513	40.0	38.0	41.0	32.0	41.0
30-31	37.79381	40.0	38.0	41.0	32.0	41.0
32-33	37.678979999999996	40.0	38.0	41.0	32.0	41.0
34-35	37.621539999999996	40.0	38.0	41.0	32.0	41.0
36-37	37.522800000000004	40.0	37.0	41.0	32.0	41.0
38-39	37.43031	40.0	37.0	41.0	31.5	41.0
40-41	37.32327	40.0	37.0	41.0	31.0	41.0
42-43	37.123909999999995	40.0	37.0	41.0	30.5	41.0
44-45	36.94245	40.0	36.0	41.0	30.5	41.0
46-47	36.856989999999996	39.5	36.0	41.0	30.5	41.0
48-49	36.63829	39.0	36.0	41.0	30.0	41.0
50-51	35.80944	38.5	35.0	40.0	29.0	40.5
52-53	35.98851	38.5	35.0	40.0	29.0	40.5
54-55	36.27006	39.0	35.0	40.0	29.5	41.0
56-57	36.1321	39.0	35.0	40.0	29.0	41.0
58-59	35.86385	38.0	35.0	40.0	29.0	41.0
60-61	35.575599999999994	38.0	34.5	40.0	29.0	41.0
62-63	35.27287	37.5	34.0	40.0	28.5	41.0
64-65	34.848479999999995	37.0	34.0	39.5	28.0	41.0
66-67	34.44158	36.0	34.0	39.0	28.0	41.0
68-69	34.13475	36.0	34.0	39.0	27.5	40.0
70-71	33.62647	35.0	33.0	38.0	26.0	40.0
72-73	33.194689999999994	35.0	33.0	37.0	26.0	39.5
74-75	32.80381	35.0	32.5	37.0	26.0	39.0
76-77	32.39725	35.0	32.0	36.0	25.5	39.0
78-79	32.05991	35.0	32.0	36.0	25.0	37.5
80-81	31.759520000000002	35.0	32.0	35.5	25.0	37.0
82-83	31.34897	34.0	31.0	35.0	24.0	36.5
84-85	31.06073	34.0	31.0	35.0	23.0	36.0
86-87	30.731029999999997	34.0	31.0	35.0	21.0	36.0
88-89	30.34442	34.0	30.5	35.0	19.5	35.5
90-91	30.097459999999998	34.0	30.0	35.0	18.5	35.0
92-93	29.775779999999997	34.0	30.0	35.0	16.5	35.0
94-95	29.40447	34.0	30.0	35.0	6.0	35.0
96-97	29.03414	34.0	29.5	35.0	2.0	35.0
98-99	28.3928	34.0	29.0	35.0	2.0	35.0
100	24.42214	29.0	19.0	34.0	2.0	35.0
>>END_MODULE
>>Per sequence quality scores	pass
#Quality	Count
2	261.0
3	59.0
4	37.0
5	41.0
6	38.0
7	35.0
8	53.0
9	82.0
10	60.0
11	97.0
12	100.0
13	106.0
14	130.0
15	142.0
16	138.0
17	150.0
18	171.0
19	177.0
20	180.0
21	218.0
22	221.0
23	246.0
24	338.0
25	321.0
26	455.0
27	539.0
28	667.0
29	841.0
30	997.0
31	1244.0
32	1624.0
33	2147.0
34	2915.0
35	4324.0
36	7566.0
37	12718.0
38	9590.0
39	971.0
40	1.0
>>END_MODULE
>>Per base sequence content	fail
#Base	G	A	T	C
1	22.546	17.413999999999998	17.18	42.86
2	23.398	22.792	37.848	15.962000000000002
3	20.658	28.886	27.61	22.846
4	22.066	34.424	22.122	21.387999999999998
5	22.738	36.996	23.962	16.304
6	17.72	38.692	25.380000000000003	18.208
7	15.508	17.774	47.026	19.692
8	19.126	25.104	31.241999999999997	24.528
9	19.88	23.418	33.952	22.75
10-11	21.607000000000003	34.93	23.536	19.927
12-13	19.766000000000002	26.973999999999997	32.297	20.963
14-15	20.116999999999997	28.332	31.101	20.45
16-17	20.991	29.052	29.551	20.406
18-19	20.313	29.276000000000003	29.335	21.076
20-21	20.49202460123006	30.01750087504375	29.03445172258613	20.456022801140055
22-23	19.94519945199452	29.842298422984232	29.88229882298823	20.33020330203302
24-25	19.994599297908728	29.52683848900357	29.901887245341896	20.576674967745806
26-27	20.654130826165233	29.137827565513103	29.656931386277257	20.551110222044407
28-29	20.623	29.276999999999997	29.7	20.4
30-31	20.448	29.164	29.982	20.406
32-33	20.568	29.609	29.595	20.227999999999998
34-35	20.605999999999998	29.712	29.186	20.496
36-37	20.380000000000003	29.412	29.414	20.794
38-39	20.352999999999998	29.953000000000003	29.407	20.287
40-41	20.777	29.812	29.366999999999997	20.044
42-43	19.994999999999997	29.708000000000002	29.73	20.567
44-45	20.580000000000002	29.426000000000002	29.764000000000003	20.23
46-47	20.544999999999998	29.467	29.487000000000002	20.501
48-49	20.21020210202102	29.986299862998628	29.588295882958832	20.21520215202152
50-51	20.421147401590556	29.605361876656826	29.717401090381635	20.25608963137098
52-53	20.53246389566748	29.679561547385685	29.739568748249788	20.04840580869704
54-55	20.337	29.830000000000002	29.759	20.074
56-57	20.575	29.436	29.520999999999997	20.468
58-59	19.972796191466806	29.651151161162563	29.6271478006921	20.748904846678535
60-61	20.081	29.476000000000003	29.910999999999998	20.532
62-63	20.197403948078964	29.630592611852236	29.718594371887434	20.453409068181365
64-65	20.312062412482497	29.810962192438488	29.96599319863973	19.91098219643929
66-67	20.268	29.261	29.996000000000002	20.474999999999998
68-69	20.435	29.520999999999997	29.839	20.205000000000002
70-71	20.173	29.444	29.935000000000002	20.448
72-73	20.58929428708593	29.604736757881263	29.058649383901425	20.74731957113138
74-75	20.320406408128164	29.445588911778238	29.87859757195144	20.355407108142163
76-77	20.09540667846749	29.320052403668257	29.974098186873082	20.610442730991167
78-79	20.017	29.307	29.643000000000004	21.032999999999998
80-81	20.538999999999998	29.907	29.442	20.112
82-83	19.994999999999997	29.817	29.657	20.531
84-85	19.946	29.552	29.782999999999998	20.719
86-87	20.152	29.873	29.486	20.488999999999997
88-89	20.862	29.487999999999996	29.316	20.334
90-91	20.048	30.048000000000002	29.173	20.730999999999998
92-93	20.612	29.948999999999998	29.24	20.199
94-95	20.447000000000003	30.023	29.443	20.087
96-97	20.183	29.733999999999998	29.317	20.766000000000002
98-99	20.805	29.487000000000002	29.565	20.143
100	20.642	29.836000000000002	29.226000000000003	20.296
>>END_MODULE
>>Per sequence GC content	pass
#GC Content	Count
0	0.0
1	0.0
2	0.0
3	0.0
4	0.0
5	0.0
6	0.0
7	0.0
8	0.0
9	0.0
10	0.0
11	0.0
12	0.5
13	1.5
14	1.5
15	3.0
16	9.0
17	16.5
18	21.5
19	30.0
20	45.5
21	71.5
22	109.5
23	146.5
24	203.0
25	271.0
26	353.0
27	467.5
28	539.0
29	622.5
30	758.5
31	901.5
32	1082.0
33	1264.5
34	1467.5
35	1803.0
36	2118.5
37	2237.0
38	2297.5
39	2334.5
40	2498.0
41	2795.0
42	3000.0
43	2968.0
44	2809.0
45	2598.5
46	2218.5
47	1882.5
48	1695.0
49	1522.5
50	1349.0
51	1073.0
52	863.5
53	745.5
54	572.0
55	472.5
56	391.5
57	303.0
58	259.5
59	226.5
60	173.0
61	142.0
62	107.5
63	68.0
64	36.0
65	23.5
66	15.0
67	5.0
68	4.0
69	4.0
70	2.0
71	0.0
72	0.0
73	0.0
74	0.0
75	0.0
76	0.0
77	0.0
78	0.0
79	0.0
80	0.0
81	0.0
82	0.0
83	0.0
84	0.0
85	0.0
86	0.0
87	0.0
88	0.0
89	0.0
90	0.0
91	0.0
92	0.0
93	0.0
94	0.0
95	0.0
96	0.0
97	0.0
98	0.0
99	0.0
100	0.0
>>END_MODULE
>>Per base N content	pass
#Base	N-Count
1	0.0
2	0.0
3	0.0
4	0.0
5	0.0
6	0.0
7	0.0
8	0.0
9	0.0
10-11	0.0
12-13	0.0
14-15	0.0
16-17	0.0
18-19	0.0
20-21	0.005
22-23	0.001
24-25	0.013
26-27	0.02
28-29	0.0
30-31	0.0
32-33	0.0
34-35	0.0
36-37	0.0
38-39	0.0
40-41	0.0
42-43	0.0
44-45	0.0
46-47	0.0
48-49	0.001
50-51	0.034999999999999996
52-53	0.012
54-55	0.0
56-57	0.0
58-59	0.013999999999999999
60-61	0.0
62-63	0.002
64-65	0.02
66-67	0.0
68-69	0.0
70-71	0.0
72-73	0.016
74-75	0.002
76-77	0.006999999999999999
78-79	0.0
80-81	0.0
82-83	0.0
84-85	0.0
86-87	0.0
88-89	0.0
90-91	0.0
92-93	0.0
94-95	0.0
96-97	0.0
98-99	0.0
100	0.0
>>END_MODULE
>>Sequence Length Distribution	pass
#Length	Count
100	50000.0
>>END_MODULE
>>Sequence Duplication Levels	pass
#Total Deduplicated Percentage	76.61200000000001
#Duplication Level	Percentage of deduplicated	Percentage of total
1	85.55578760507491	65.546
2	8.868062444525663	13.588000000000001
3	2.5896726361405524	5.952
4	1.0781600793609356	3.304
5	0.6421970448493708	2.46
6	0.3367618649819872	1.548
7	0.2662768234741294	1.428
8	0.14358064010859917	0.88
9	0.11486451208687935	0.792
>10	0.40463634939696136	4.502
>50	0.0	0.0
>100	0.0	0.0
>500	0.0	0.0
>1k	0.0	0.0
>5k	0.0	0.0
>10k+	0.0	0.0
>>END_MODULE
>>Overrepresented sequences	pass
>>END_MODULE
>>Adapter Content	pass
#Position	Illumina Universal Adapter	Illumina Small RNA 3' Adapter	Illumina Small RNA 5' Adapter	Nextera Transposase Sequence	SOLID Small RNA Adapter
1	0.0	0.0	0.0	0.0	0.0
2	0.0	0.0	0.0	0.0	0.0
3	0.0	0.0	0.0	0.0	0.0
4	0.0	0.0	0.0	0.0	0.0
5	0.0	0.0	0.0	0.0	0.0
6	0.0	0.0	0.0	0.0	0.0
7	0.0	0.0	0.0	0.0	0.0
8	0.0	0.0	0.0	0.0	0.0
9	0.0	0.0	0.0	0.0	0.0
10-11	0.0	0.0	0.0	0.0	0.0
12-13	0.0	0.0	0.0	0.0	0.0
14-15	0.0	0.0	0.0	0.0	0.0
16-17	0.0	0.0	0.0	0.0	0.0
18-19	0.0	0.0	0.0	0.0	0.0
20-21	0.0	0.0	0.0	0.0	0.0
22-23	0.0	0.0	0.0	0.0	0.0
24-25	0.0	0.0	0.0	0.0	0.0
26-27	0.0	0.0	0.0	0.0	0.0
28-29	0.0	0.0	0.0	0.0	0.0
30-31	0.0	0.0	0.0	0.0	0.0
32-33	0.0	0.0	0.0	0.0	0.0
34-35	0.0	0.0	0.0	0.0	0.0
36-37	0.0	0.0	0.0	0.0	0.0
38-39	0.0	0.0	0.0	0.0	0.0
40-41	0.0	0.0	0.0	0.0	0.0
42-43	0.0	0.0	0.0	0.0	0.0
44-45	0.0	0.0	0.0	0.0	0.0
46-47	0.0	0.0	0.0	0.0	0.0
48-49	0.0	0.0	0.0	0.0	0.0
50-51	0.0	0.0	0.0	0.0	0.0
52-53	0.0	0.0	0.0	0.0	0.0
54-55	0.0	0.0	0.0	0.0	0.0
56-57	0.0	0.0	0.0	0.0	0.0
58-59	0.0	0.0	0.0	0.0	0.0
60-61	0.0	0.0	0.0	0.0	0.0
62-63	0.0	0.0	0.0	0.0	0.0
64-65	0.0	0.0	0.0	0.0	0.0
66-67	0.0	0.0	0.0	0.0	0.0
68-69	0.0	0.0	0.0	0.0	0.0
70-71	0.0	0.0	0.0	0.0	0.0
72-73	0.0	0.0	0.0	0.0	0.0
74-75	0.0	0.0	0.0	0.0	0.0
76-77	0.0	0.0	0.0	0.0	0.0
78-79	0.0	0.0	0.0	0.0	0.0
80-81	0.0	0.0	0.0	0.0	0.0
82-83	0.001	0.0	0.0	0.0	0.0
84-85	0.002	0.0	0.0	0.0	0.0
86-87	0.016	0.0	0.0	0.0	0.0
88-89	0.026	0.0	0.0	0.0	0.0
>>END_MODULE
