##FastQC	0.11.9
>>Basic Statistics	pass
#Measure	Value
Filename	g1_02_R2_fastq_gz.gz
File type	Conventional base calls
Encoding	Sanger / Illumina 1.9
Total Sequences	50000
Sequences flagged as poor quality	0
Sequence length	100
%GC	41
>>END_MODULE
>>Per base sequence quality	pass
#Base	Mean	Median	Lower Quartile	Upper Quartile	10th Percentile	90th Percentile
1	31.7345	33.0	31.0	34.0	30.0	34.0
2	31.79908	34.0	31.0	34.0	30.0	34.0
3	31.87198	34.0	31.0	34.0	30.0	34.0
4	35.36234	37.0	35.0	37.0	33.0	37.0
5	35.32604	37.0	35.0	37.0	33.0	37.0
6	35.36456	37.0	35.0	37.0	32.0	37.0
7	35.43242	37.0	35.0	37.0	33.0	37.0
8	35.41058	37.0	35.0	37.0	33.0	37.0
9	37.01734	39.0	37.0	39.0	33.0	39.0
10-11	36.95348	39.0	37.0	39.0	33.0	39.0
12-13	36.927490000000006	39.0	37.0	39.0	33.0	39.0
14-15	38.238569999999996	40.0	38.0	41.0	33.0	41.0
16-17	38.2278	40.0	38.0	41.0	33.0	41.0
18-19	38.21197	40.0	38.0	41.0	33.0	41.0
20-21	38.19713	40.0	38.0	41.0	33.0	41.0
22-23	38.13349	40.0	38.0	41.0	33.0	41.0
24-25	38.05969	40.0	38.0	41.0	33.0	41.0
26-27	38.008520000000004	40.0	38.0	41.0	33.0	41.0
28-29	37.91763	40.0	38.0	41.0	33.0	41.0
30-31	37.8587	40.0	38.0	41.0	32.5	41.0
32-33	37.77149	40.0	38.0	41.0	32.0	41.0
34-35	37.71562	40.0	38.0	41.0	32.0	41.0
36-37	37.59406	40.0	37.0	41.0	32.0	41.0
38-39	37.52866	40.0	37.0	41.0	32.0	41.0
40-41	37.40952	40.0	37.0	41.0	31.5	41.0
42-43	37.204260000000005	40.0	37.0	41.0	31.0	41.0
44-45	36.99275	40.0	37.0	41.0	31.0	41.0
46-47	36.885009999999994	39.5	36.0	41.0	30.5	41.0
48-49	36.69445	39.0	36.0	41.0	30.0	41.0
50-51	35.838390000000004	38.5	35.0	40.0	29.0	40.5
52-53	36.02928	38.5	35.0	40.0	29.5	40.5
54-55	36.35352	39.0	35.0	40.0	30.0	41.0
56-57	36.19054	39.0	35.0	40.0	29.5	41.0
58-59	35.85437	38.0	35.0	40.0	29.0	41.0
60-61	35.5566	38.0	34.5	40.0	29.0	41.0
62-63	35.23433	37.0	34.0	40.0	28.0	41.0
64-65	34.80472	37.0	34.0	39.5	28.0	41.0
66-67	34.37162	36.0	34.0	39.0	27.5	41.0
68-69	34.05761	36.0	33.5	39.0	27.5	40.0
70-71	33.574020000000004	35.0	33.0	37.5	26.0	40.0
72-73	33.16508	35.0	33.0	37.0	26.0	39.0
74-75	32.71943	35.0	32.5	36.5	26.0	39.0
76-77	32.34148999999999	35.0	32.0	36.0	25.5	38.5
78-79	32.02452	35.0	32.0	36.0	25.0	37.0
80-81	31.75741	35.0	32.0	35.0	25.0	37.0
82-83	31.33234	34.0	31.0	35.0	24.0	36.5
84-85	31.0235	34.0	31.0	35.0	23.0	36.0
86-87	30.73194	34.0	31.0	35.0	21.0	36.0
88-89	30.34871	34.0	30.5	35.0	19.5	35.5
90-91	30.06458	34.0	30.0	35.0	18.0	35.0
92-93	29.75296	34.0	30.0	35.0	16.0	35.0
94-95	29.432319999999997	34.0	30.0	35.0	8.0	35.0
96-97	29.03915	34.0	30.0	35.0	2.0	35.0
98-99	28.39486	34.0	29.0	35.0	2.0	35.0
100	24.28576	29.0	19.0	34.0	2.0	35.0
>>END_MODULE
>>Per sequence quality scores	pass
#Quality	Count
2	226.0
3	50.0
4	41.0
5	36.0
6	47.0
7	39.0
8	56.0
9	62.0
10	84.0
11	102.0
12	114.0
13	124.0
14	120.0
15	136.0
16	135.0
17	143.0
18	163.0
19	194.0
20	187.0
21	182.0
22	224.0
23	253.0
24	296.0
25	326.0
26	421.0
27	504.0
28	662.0
29	789.0
30	1024.0
31	1331.0
32	1633.0
33	2091.0
34	2948.0
35	4381.0
36	7629.0
37	13011.0
38	9246.0
39	990.0
>>END_MODULE
>>Per base sequence content	fail
#Base	G	A	T	C
1	24.354	16.922	18.626	40.098
2	23.427999999999997	22.342000000000002	36.687999999999995	17.541999999999998
3	21.084	28.046	27.614	23.256
4	22.986	33.212	22.124	21.678
5	23.64	36.08	23.74	16.54
6	18.33	37.896	25.447999999999997	18.326
7	15.898000000000001	18.328	46.774	19.0
8	19.612	24.698	30.512	25.178
9	20.758	23.208000000000002	32.926	23.108
10-11	21.823999999999998	34.865	23.386000000000003	19.925
12-13	20.122	26.884999999999998	31.673000000000002	21.32
14-15	20.43	28.497	30.772	20.301
16-17	21.118000000000002	28.331	29.613	20.938000000000002
18-19	20.613	29.45	28.725	21.212
20-21	20.909836393455738	29.6221848873955	28.776151046041843	20.691827673106925
22-23	20.066	29.459999999999997	29.903000000000002	20.571
24-25	20.348034803480346	29.490949094909492	29.48894889488949	20.672067206720673
26-27	20.51528244519123	29.091654664746358	29.63574171867499	20.75732117138742
28-29	20.674	28.935	29.62	20.771
30-31	20.987000000000002	28.964000000000002	29.365999999999996	20.683
32-33	20.689	29.476000000000003	29.270000000000003	20.565
34-35	20.511	29.621	29.275000000000002	20.593
36-37	20.569000000000003	29.012	29.677	20.742
38-39	20.531	29.67	29.29	20.509
40-41	20.877000000000002	29.326999999999998	29.513	20.283
42-43	20.502000000000002	29.223	29.459999999999997	20.815
44-45	20.990000000000002	29.098000000000003	29.354000000000003	20.558
46-47	20.7	29.187	29.397000000000002	20.716
48-49	20.566000000000003	29.475	29.529	20.43
50-51	20.9179285099914	29.16508311163563	29.299101874262394	20.617886504110576
52-53	20.619618588557657	29.127873836215084	29.93589807694231	20.316609498284947
54-55	20.608	29.469	29.249000000000002	20.674
56-57	20.821	29.383	29.160999999999998	20.635
58-59	20.26640532810656	29.496589931798635	29.147582951659036	21.089421788435768
60-61	20.671999999999997	29.427999999999997	29.215000000000003	20.685000000000002
62-63	20.48720487204872	29.338293382933827	29.59529595295953	20.57920579205792
64-65	20.857337173947833	29.202672427588418	29.434709553528567	20.50528084493519
66-67	20.324	29.276999999999997	29.915999999999997	20.483
68-69	20.932000000000002	29.052	29.572	20.444000000000003
70-71	20.803	29.187	29.337000000000003	20.673
72-73	20.920627618828565	29.34088022640679	28.93186795603868	20.806624198725963
74-75	20.473	29.208000000000002	29.754	20.565
76-77	20.64320643206432	29.44829448294483	29.09829098290983	20.81020810208102
78-79	20.559	29.285	29.38	20.776
80-81	20.538	29.536	29.305999999999997	20.62
82-83	20.204	29.265	29.645	20.886
84-85	20.26	29.34	29.215000000000003	21.185000000000002
86-87	20.332	29.721999999999998	29.016	20.93
88-89	20.949	29.03	29.238999999999997	20.782
90-91	20.686	29.587999999999997	29.099999999999998	20.626
92-93	20.868000000000002	29.544999999999998	29.134999999999998	20.452
94-95	20.763	29.357	29.552	20.328
96-97	20.612	29.757	29.021	20.61
98-99	20.799	29.726999999999997	29.004	20.47
100	20.588	29.548000000000002	28.662	21.201999999999998
>>END_MODULE
>>Per sequence GC content	pass
#GC Content	Count
0	0.0
1	0.0
2	0.0
3	0.0
4	0.0
5	0.0
6	0.0
7	0.0
8	0.5
9	0.5
10	0.0
11	1.0
12	1.5
13	0.5
14	0.5
15	2.0
16	5.0
17	9.5
18	16.5
19	35.0
20	58.5
21	76.5
22	106.0
23	133.0
24	188.5
25	262.0
26	327.0
27	437.5
28	534.0
29	631.0
30	724.0
31	801.5
32	964.5
33	1176.0
34	1405.5
35	1669.5
36	1854.0
37	1972.0
38	2186.5
39	2293.0
40	2342.0
41	2623.5
42	2842.5
43	2826.0
44	2780.0
45	2665.5
46	2354.0
47	2043.0
48	1915.0
49	1789.5
50	1584.0
51	1291.0
52	1038.5
53	877.0
54	670.0
55	541.0
56	467.0
57	364.0
58	295.5
59	251.0
60	190.5
61	138.5
62	96.5
63	66.0
64	36.5
65	17.5
66	12.0
67	4.0
68	2.5
69	2.0
70	1.0
71	0.0
72	0.0
73	0.0
74	0.0
75	0.0
76	0.0
77	0.0
78	0.0
79	0.0
80	0.0
81	0.0
82	0.0
83	0.0
84	0.0
85	0.0
86	0.0
87	0.0
88	0.0
89	0.0
90	0.0
91	0.0
92	0.0
93	0.0
94	0.0
95	0.0
96	0.0
97	0.0
98	0.0
99	0.0
100	0.0
>>END_MODULE
>>Per base N content	pass
#Base	N-Count
1	0.0
2	0.0
3	0.0
4	0.0
5	0.0
6	0.0
7	0.0
8	0.0
9	0.0
10-11	0.0
12-13	0.0
14-15	0.0
16-17	0.0
18-19	0.0
20-21	0.004
22-23	0.0
24-25	0.01
26-27	0.016
28-29	0.0
30-31	0.0
32-33	0.0
34-35	0.0
36-37	0.0
38-39	0.0
40-41	0.0
42-43	0.0
44-45	0.0
46-47	0.0
48-49	0.0
50-51	0.013999999999999999
52-53	0.003
54-55	0.0
56-57	0.0
58-59	0.002
60-61	0.0
62-63	0.001
64-65	0.016
66-67	0.0
68-69	0.0
70-71	0.0
72-73	0.003
74-75	0.0
76-77	0.001
78-79	0.0
80-81	0.0
82-83	0.0
84-85	0.0
86-87	0.0
88-89	0.0
90-91	0.0
92-93	0.0
94-95	0.0
96-97	0.0
98-99	0.0
100	0.0
>>END_MODULE
>>Sequence Length Distribution	pass
#Length	Count
100	50000.0
>>END_MODULE
>>Sequence Duplication Levels	pass
#Total Deduplicated Percentage	77.66
#Duplication Level	Percentage of deduplicated	Percentage of total
1	86.21426731908318	66.95400000000001
2	8.676281225856297	13.475999999999999
3	2.3203708472830287	5.406
4	1.0842132371877415	3.3680000000000003
5	0.5305176409992274	2.06
6	0.2935874323976307	1.3679999999999999
7	0.20345093999484934	1.106
8	0.15709502961627608	0.976
9	0.12876641771825909	0.8999999999999999
>10	0.3914499098635076	4.386
>50	0.0	0.0
>100	0.0	0.0
>500	0.0	0.0
>1k	0.0	0.0
>5k	0.0	0.0
>10k+	0.0	0.0
>>END_MODULE
>>Overrepresented sequences	pass
>>END_MODULE
>>Adapter Content	pass
#Position	Illumina Universal Adapter	Illumina Small RNA 3' Adapter	Illumina Small RNA 5' Adapter	Nextera Transposase Sequence	SOLID Small RNA Adapter
1	0.0	0.0	0.0	0.0	0.0
2	0.0	0.0	0.0	0.0	0.0
3	0.0	0.0	0.0	0.0	0.0
4	0.0	0.0	0.0	0.0	0.0
5	0.0	0.0	0.0	0.0	0.0
6	0.0	0.0	0.0	0.0	0.0
7	0.0	0.0	0.0	0.0	0.0
8	0.0	0.0	0.0	0.0	0.0
9	0.0	0.0	0.0	0.0	0.0
10-11	0.0	0.0	0.0	0.0	0.0
12-13	0.0	0.0	0.0	0.0	0.0
14-15	0.0	0.0	0.0	0.0	0.0
16-17	0.0	0.0	0.0	0.0	0.0
18-19	0.0	0.0	0.0	0.0	0.0
20-21	0.0	0.0	0.0	0.0	0.0
22-23	0.0	0.0	0.0	0.0	0.0
24-25	0.0	0.0	0.0	0.0	0.0
26-27	0.0	0.0	0.0	0.0	0.0
28-29	0.0	0.0	0.0	0.0	0.0
30-31	0.0	0.0	0.0	0.0	0.0
32-33	0.0	0.0	0.0	0.0	0.0
34-35	0.0	0.0	0.0	0.0	0.0
36-37	0.0	0.0	0.0	0.0	0.0
38-39	0.0	0.0	0.0	0.0	0.0
40-41	0.0	0.0	0.0	0.0	0.0
42-43	0.0	0.0	0.0	0.0	0.0
44-45	0.0	0.0	0.0	0.0	0.0
46-47	0.0	0.0	0.0	0.0	0.0
48-49	0.0	0.0	0.0	0.0	0.0
50-51	0.0	0.0	0.0	0.0	0.0
52-53	0.0	0.0	0.0	0.0	0.0
54-55	0.0	0.0	0.0	0.0	0.0
56-57	0.0	0.0	0.0	0.0	0.0
58-59	0.0	0.0	0.0	0.0	0.0
60-61	0.0	0.0	0.0	0.0	0.0
62-63	0.0	0.0	0.0	0.0	0.0
64-65	0.0	0.0	0.0	0.0	0.0
66-67	0.0	0.0	0.0	0.0	0.0
68-69	0.0	0.0	0.0	0.0	0.0
70-71	0.0	0.0	0.0	0.0	0.0
72-73	0.0	0.0	0.0	0.0	0.0
74-75	0.0	0.0	0.0	0.0	0.0
76-77	0.0	0.0	0.0	0.0	0.0
78-79	0.0	0.0	0.0	0.0	0.0
80-81	0.0	0.0	0.0	0.0	0.0
82-83	0.003	0.0	0.0	0.0	0.0
84-85	0.012	0.0	0.0	0.0	0.0
86-87	0.024	0.0	0.0	0.0	0.0
88-89	0.034	0.0	0.0	0.0	0.0
>>END_MODULE
